N=3;

xk=[0 1/2 1 3/2];
uk=[-1 -1/2 0 1/2 1];

